1,69,9,10
1,69,9,10
1,69,9,10
1,69,9,10
1,69,9,10
1,69,9,10
1,70,9,10
1,70,9,10
1,70,9,10
1,70,9,10
1,70,9,10
1,69,9,10
1,69,9,10
1,69,9,10
1,69,9,10
1,69,9,10
1,69,9,10
1,69,9,10
1,69,9,10
1,69,9,10
1,138,9,10,11,15
1,69,9,10,11,15
1,138,9,10,11,15
1,138,9,10,11,15
1,138,9,10,11,15
1,138,9,10,11,15
1,138,9,10,11,15
1,138,9,10,11,15
1,138,9,10,11,15
1,138,9,10,11,15
1,138,9,10,11,15
1,138,9,10,11,15
1,138,9,10,11,15
1,138,9,10,11,15
1,138,9,10,11,15
1,138,9,10,11,15
1,138,9,10,11,15
1,138,9,10,11,15
1,138,9,10,11,15
1,138,9,10,11,15
1,138,9,10,11,15
1,138,9,10,11,15
1,138,9,10,11,15
1,138,9,10,11,15
1,138,9,10,11,15
1,138,9,10,11,15
1,138,9,10,11,15
1,138,9,10,11,15
1,69,9,10,11,15
1,69,9,10,11,15
1,69,9,10,11,15
1,69,9,10,11,15
1,69,9,10,11,15
1,69,9,10,11,15
1,69,9,10,11,15
1,225,9,10,11,15
1,69,9,10,11,15
1,69,9,10,11,15
1,69,9,10,11,15
1,225,9,10,11,15
1,69,9,10,11,15
1,225,9,10,11,15
1,225,9,10,11,15
1,225,9,10,11,15
1,225,9,10,11,15
1,225,9,10,11,15
1,225,9,10,11,15
1,225,9,10,11,15
1,69,9,10,11,15
1,69,9,10,11,15
1,69,9,10,11,15
1,69,9,10,11,15
1,69,9,10,11,15
1,69,9,10,11,15
1,69,9,10,11,15
1,69,9,10,11,15
1,69,9,10,11,15
1,69,9,10,11,15
1,69,9,10,11,15
1,69,9,10,11,15
1,69,9,10,11,15
1,69,9,10,11,15
1,225,9,10,11,15
1,225,9,10,11,15
1,225,9,10,11,15
1,225,9,10,11,15
1,69,9,10,11,15
1,69,9,10,11,15
1,69,9,10,11,15
1,69,9,10,11,15
1,69,9,10,11,15
1,69,9,10,11,15
1,69,9,10,11,15
1,69,9,10,11,15
1,135,9,10,11,15
1,135,9,10,11,15
1,143,9,10,11,15
1,143,9,10,11,15
1,138,9,10,11,15
1,138,9,10,11,15
1,138,9,10,11,15
1,138,9,10,11,15
1,143,9,10,11,15
1,143,9,10,11,15
1,143,9,10,11,15
1,143,9,10,11,15
1,143,9,10,11,15
1,143,9,10,11,15
1,143,9,10,11,15
1,143,9,10,11,15
1,143,9,10,11,15
1,143,9,10,11,15
1,143,9,10,11,15
1,143,9,10,11,15
1,69,9,10,11,15
1,69,9,10,11,15
1,69,9,10,11,15
1,69,9,10,11,15
1,69,9,10,11,15
1,69,9,10,11,15
1,69,9,10,11,15
1,69,9,10,11,15
1,69,9,10,11,15
1,69,9,10,11,15
1,69,9,10,11,15
1,69,9,10,11,15
1,69,9,10,11,15
1,69,9,10,11,15
1,69,9,10,11,15
1,69,9,10,11,15
1,138,9,10,11,15
1,143,15,16
1,143,15,16
1,225,15,16
1,225,15,16
1,143,15,16
1,143,15,16
1,143,15,16
1,143,15,16
1,225,15,16
1,143,15,16
1,225,15,16
1,143,15,16
1,225,15,16
1,143,15,16
1,143,15,16
1,143,15,16
1,143,15,16
1,143,15,16
1,143,15,16
1,143,15,16
1,143,15,16
1,143,15,16
1,225,15,16
1,225,15,16
1,225,15,16
1,225,15,16
1,225,15,16
1,225,15,16
1,143,15,16
1,143,15,16
1,143,15,16
1,143,15,16
1,143,15,16
1,143,15,16
1,143,15,16
1,143,15,16
1,143,15,16
1,143,15,16
1,143,15,16
1,143,15,16
1,143,15,16
1,225,15,16
1,225,15,16
1,225,15,16
1,225,15,16
1,225,15,16
1,225,15,16
1,225,15,16
1,225,15,16
1,225,15,16
1,225,15,16
1,225,15,16
1,143,15,16
1,225,15,16,14
1,224,15,16,14
1,224,15,16,14
1,224,15,16,14
1,224,15,16,14
1,224,15,16,14
1,224,15,16,14
1,224,15,16,14
1,224,15,16,14
1,224,15,16,14
1,224,15,16,14
1,224,15,16,14
1,224,15,16,14
1,224,15,16,14
1,225,15,16,14
1,224,15,16,14
1,225,15,16,14
1,224,15,16,14
1,225,15,16,14
1,224,15,16,14
1,225,15,16,14
1,224,15,16,14
1,225,15,16,14
1,225,15,16,14
1,225,15,16,14
1,225,15,16,14
1,225,15,16,14
1,225,15,16,14
1,143,15,16,14
1,143,15,16,14
1,143,15,16,14
1,143,15,16,14
1,143,15,16,14
1,143,15,16,14
1,225,15,16,14
1,225,15,16,14
1,225,15,16,14
1,225,15,16,14
1,225,15,16,14
1,225,15,16,14
1,225,15,16,14
1,225,15,16,14
1,225,15,16,14
1,225,15,16,14
1,143,15,14
1,143,15,14
1,224,15,14
1,224,15,14
1,224,15,14
1,224,15,14
1,224,15,14
1,224,15,14
1,224,15,14
1,224,15,14
1,224,15,14
1,224,15,14
1,224,15,14
1,224,15,14
1,224,15,14
1,224,15,14
1,224,15,14
1,224,15,14
1,224,15,14
1,224,15,14
1,224,15,14
1,224,15,14
1,224,15,14
1,224,15,14
1,224,15,14
1,224,15,14
1,224,15,14
1,224,15,14
1,149,15,14,22,17,6,26,18
1,133,15,14,22,17,6,26,18
1,149,15,14,22,17,6,26,18
1,133,15,14,22,17,6,26,18
1,149,15,14,22,17,6,26,18
1,133,15,14,22,17,6,26,18
1,149,15,14,22,17,6,26,18
1,133,15,14,22,17,6,26,18
1,149,15,14,22,17,6,26,18
1,133,15,14,22,17,6,26,18
1,149,15,14,22,17,6,26,18
1,133,15,14,22,17,6,26,18
1,149,15,14,22,17,6,26,18
1,140,15,14,22,17,6,26,18
1,149,15,14,22,17,6,26,18
1,140,15,14,22,17,6,26,18
1,149,15,14,22,17,6,26,18
1,140,15,14,22,17,6,26,18
1,149,15,14,22,17,6,26,18
1,133,15,14,22,17,6,26,18
1,149,15,14,22,17,6,26,18
1,133,15,14,22,17,6,26,18
1,149,15,14,22,17,6,26,18
1,145,15,14,22,17,6,26,18
1,149,15,14,22,17,6,26,18
1,153,15,14,22,17,6,26,18
1,149,15,14,22,17,6,26,18
1,144,15,14,22,17,6,26,18
1,149,15,14,22,17,6,26,18
1,133,15,14,22,17,6,26,18
1,149,15,14,22,17,6,26,18
1,65,15,14,22,17,6,26,18
1,133,15,14,22,17,6,26,18
1,149,15,14,22,17,6,26,18
1,133,15,14,22,17,6,26,18
1,149,15,14,22,17,6,26,18
1,133,15,14,22,17,6,26,18
1,149,15,14,22,17,6,26,18
1,133,15,14,22,17,6,26,18
1,149,15,14,22,17,6,26,18
1,133,15,14,22,17,6,26,18
2,151,15,14,12,24
2,72,15,14,12,24
2,72,15,14,12,24
2,72,15,14,12,24
2,72,15,14,12,24
2,72,15,14,12,24
2,72,15,14,12,24
2,72,15,14,12,24
2,72,15,14,12,24
2,72,15,14,12,24
2,72,15,14,12,24
2,72,15,14,12,24
2,72,15,14,12,24
2,151,15,14,12,24
2,151,15,14,12,24
2,151,15,14,12,24
2,151,15,14,12,24
2,151,15,14,12,24
2,151,15,14,12,24
2,151,15,14,12,24
2,151,15,14,12,24
2,151,15,14,12,24
2,151,15,14,12,24
2,151,15,14,12,24
2,151,15,14,12,24
2,151,15,14,12,24
2,151,15,14,12,24
2,72,15,14,12,24
2,72,15,14,12,24
2,72,15,14,12,24
2,72,15,14,12,24
2,72,15,14,12,24
2,72,15,14,12,24
2,72,15,14,12,24
2,72,15,14,12,24
2,72,15,14,12,24
2,72,15,14,12,24
2,72,15,14,12,24
2,151,15,14,12,24
2,151,15,14,12,24
2,151,15,14,12,24
2,151,15,14,12,24
2,151,15,14,12,24
2,151,15,14,12,24
2,151,15,14,12,24
2,151,15,14,12,24
2,151,15,14,12,24
2,151,15,14,12,24
2,151,15,14,12,24
2,151,15,14,12,24
2,151,15,14,12,24
2,151,15,14,12,24
2,151,15,14,12,24
2,151,15,14,12,24
2,151,15,14,12,24
2,72,15,14,12,24
2,72,15,14,12,24
2,147,15,14,12,24,20
2,147,15,14,12,24,20
2,235,15,14,12,24,20
2,235,15,14,12,24,20
2,147,15,14,12,24,20
2,235,15,14,12,24,20
2,235,15,14,12,24,20
2,235,15,14,12,24,20
2,235,15,14,12,24,20
2,235,15,14,12,24,20
2,235,15,14,12,24,20
2,235,15,14,12,24,20
2,235,15,14,12,24,20
2,235,15,14,12,24,20
2,235,15,14,12,24,20
2,147,15,14,12,24,20
2,147,15,14,12,24,20
2,147,15,14,12,24,20
2,147,15,14,12,24,20
2,147,15,14,12,24,20
2,147,15,14,12,24,20
2,147,15,14,12,24,20
2,235,15,14,12,24,20
2,235,15,14,12,24,20
2,235,15,14,12,24,20
2,235,15,14,12,24,20
2,235,15,14,12,24,20
2,235,15,14,12,24,20
2,235,15,14,12,24,20
2,235,15,14,12,24,20
2,235,15,14,12,24,20
2,235,15,14,12,24,20
2,235,15,14,12,24,20
2,235,15,14,12,24,20
2,235,15,14,12,24,20
2,235,15,14,12,24,20
2,235,15,14,12,24,20
2,235,15,14,12,24,20
2,235,15,14,12,24,20
2,235,15,14,12,24,20
2,235,15,14,12,24,20
2,235,15,14,12,24,20
2,235,15,14,12,24,20
2,235,15,14,12,24,20
2,235,15,14,12,24,20
2,235,15,14,12,24,20
2,235,15,14,12,24,20
2,235,15,14,12,24,20
2,235,15,14,12,24,20
2,235,15,14,12,24,20
2,235,15,14,12,24,20
2,235,15,14,12,24,20
2,235,15,14,12,24,20
2,235,15,14,12,24,20
2,235,15,14,12,24,20
2,235,15,14,12,24,20
2,235,15,14,12,24,20
2,235,15,14,12,24,20
2,235,15,14,12,24,20
2,147,15,14,12,24,20
2,147,15,14,12,24,20
2,147,15,14,12,24,20
2,147,15,14,12,24,20
2,235,15,14,12,24,20
2,235,15,14,12,24,20
2,235,15,14,12,24,20
2,235,15,14,12,24,20
2,235,15,14,12,24,20
2,235,15,14,12,24,20
2,235,15,14,12,24,20
2,235,15,14,12,24,20
2,235,15,14,12,24,20
2,235,15,14,12,24,20
2,235,15,14,12,24,20
2,235,15,14,12,24,20
2,235,15,14,12,24,20
2,235,15,14,12,24,20
2,235,15,14,12,24,20
2,235,15,14,12,24,20
2,235,15,14,12,24,20
2,147,15,14,12,24,20
2,235,15,14,12,24,20
2,235,15,14,12,24,20
2,235,15,14,12,24,20
2,235,15,14,12,24,20
2,147,15,14,12,24,20
2,235,15,14,12,24,20
2,235,15,14,12,24,20
2,147,15,14
2,147,15,14
2,147,15,14
2,147,15,14
2,147,15,14
2,147,15,14
2,147,15,14
2,147,15,14
2,147,15,14
2,151,15,14
2,147,15,14
2,147,15,14
2,147,15,14
2,147,15,14
2,147,15,14
2,147,15,14
2,147,15,14
2,147,15,14
2,147,15,14
2,147,15,14
2,147,15,14
2,147,15,14
2,147,15,14
2,147,15,14
2,147,15,14
2,147,15,14
2,147,15,14
2,147,15,14
2,147,15,14
2,147,15,14
2,151,15,14
2,147,15,14
2,147,15,14
2,147,15,14
2,147,15,14
2,147,15,14
2,147,15,14
2,147,15,14
2,147,15,14
2,147,15,14
2,147,15,14
2,147,15,14
2,147,15,14
2,135,15,14,8
2,135,15,14,8
2,135,15,14,8
2,135,15,14,8
2,135,15,14,8
2,135,15,14,8
2,135,15,14,8
2,224,15,14,8
2,224,15,14,8
2,224,15,14,8
2,224,15,14,8
2,135,15,14,8
2,135,15,14,8
2,135,15,14,8
2,224,15,14,8
2,224,15,14,8
2,224,15,14,8
2,224,15,14,8
2,224,15,14,8
2,224,15,14,8
2,224,15,14,8
2,224,15,14,8
2,224,15,14,8
2,135,15,14,8
2,135,15,14,8
2,224,15,14,8
2,135,15,14,8
2,135,15,14,8
2,135,15,14,8
2,135,15,14,8
2,135,15,14,8
2,135,15,14,8
2,224,15,14,8
2,224,15,14,8
2,224,15,14,8
2,224,15,14,8
2,224,15,14,8
2,224,15,14,8
2,224,15,14,8
2,135,15,14,8
2,135,15,14,8
2,224,15,14,8
2,224,15,14,8
2,224,15,14,8
2,224,15,14,8
2,224,15,14,8
2,224,15,14,8
2,135,15,14,8
2,135,15,14,8
2,135,15,14,8
2,224,15,14,8
2,224,15,14,8
2,224,15,14,8
2,224,15,14,8
2,224,15,14,8
2,224,15,14,8
2,224,15,14,8
2,147,15,8
2,147,15,8
2,147,15,8
2,151,15,8,24
2,147,15,8,24
2,147,15,8,24
2,147,15,8,24
2,147,15,8,24
2,147,15,8,24
2,147,15,8,24
2,147,15,8,24
2,147,15,8,24
2,147,15,8,24
2,147,15,8,24
2,147,15,8,24
2,147,15,8,24
2,147,15,8,24
2,147,15,8,24
2,147,15,8,24
2,147,15,8,24
2,147,15,8,24
2,147,15,8,24
2,147,15,8,24
2,147,15,8,24
2,151,15,8,24
2,235,15,8,24,25,12,2,3
2,235,15,8,24,25,12,2,3
2,235,15,8,24,25,12,2,3
2,235,15,8,24,25,12,2,3
2,235,15,8,24,25,12,2,3
2,235,15,8,24,25,12,2,3
2,235,15,8,24,25,12,2,3
2,235,15,8,24,25,12,2,3
2,72,15,8,24,25,12,2,3
2,72,15,8,24,25,12,2,3
2,72,15,8,24,25,12,2,3
2,72,15,8,24,25,12,2,3
2,72,15,8,24,25,12,2,3
2,72,15,8,24,25,12,2,3
2,72,15,8,24,25,12,2,3
2,72,15,8,24,25,12,2,3
2,72,15,8,24,25,12,2,3
2,72,15,8,24,25,12,2,3
2,63,15,8,24,25,12,2,3
2,63,15,8,24,25,12,2,3
2,63,15,8,24,25,12,2,3
2,63,15,8,24,25,12,2,3
2,63,15,8,24,25,12,2,3
2,62,15,8,24,25,12,2,3
2,62,15,8,24,25,12,2,3
2,147,15,8,24,25,12,2,3,20
2,147,15,8,24,25,12,2,3,20
2,147,15,8,24,25,12,2,3,20
2,147,15,8,24,25,12,2,3,20
2,147,15,8,24,25,12,2,3,20
2,147,15,8,24,25,12,2,3,20
2,147,15,8,24,25,12,2,3,20
2,147,15,8,24,25,12,2,3,20
2,143,15,8,24,25,12,2,3,20,16
2,143,15,8,24,25,12,2,3,20,16
2,143,15,8,24,25,12,2,3,20,16
2,143,15,8,24,25,12,2,3,20,16
2,225,15,8,24,25,12,2,3,20,16
2,225,15,8,24,25,12,2,3,20,16
2,143,15,8,24,25,12,2,3,20,16
2,143,15,8,24,25,12,2,3,20,16
2,225,15,8,24,25,12,2,3,20,16
2,225,15,8,24,25,12,2,3,20,16
2,143,15,8,24,25,12,2,3,20,16
2,143,15,8,24,25,12,2,3,20,16
2,143,15,8,24,25,12,2,3,20,16
2,143,15,8,24,25,12,2,3,20,16
2,143,15,8,24,25,12,2,3,20,16
2,143,15,8,24,25,12,2,3,20,16
2,143,15,8,24,25,12,2,3,20,16
2,143,15,8,24,25,12,2,3,20,16
2,225,15,8,24,25,12,2,3,20,16
2,225,15,8,24,25,12,2,3,20,16
2,225,15,8,24,25,12,2,3,20,16
2,225,15,8,24,25,12,2,3,20,16
2,225,15,8,24,25,12,2,3,20,16
2,225,15,8,24,25,12,2,3,20,16
2,225,15,8,24,25,12,2,3,20,16
2,225,15,8,24,25,12,2,3,20,16
2,225,15,8,24,25,12,2,3,20,16
2,143,15,8,24,25,12,2,3,20,16
2,143,15,8,24,25,12,2,3,20,16
2,143,15,8,24,25,12,2,3,20,16
2,225,15,8,24,25,12,2,3,20,16
2,151,15,8,24,25,12,2,3,20,16
2,151,15,8,24,25,12,2,3,20,16
2,151,15,8,24,25,12,2,3,20,16
2,151,15,8,24,25,12,2,3,20,16
2,151,15,8,24,25,12,2,3,20,16
2,151,15,8,24,25,12,2,3,20,16
2,151,15,8,24,25,12,2,3,20,16
2,151,15,8,24,25,12,2,3,20,16
2,151,15,8,24,25,12,2,3,20,16
2,151,15,8,24,25,12,2,3,20,16
2,151,15,8,24,25,12,2,3,20,16
2,151,15,8,24,25,12,2,3,20,16
2,151,15,8,24,25,12,2,3,20,16
2,151,15,8,24,25,12,2,3,20,16
2,151,15,8,24,25,12,2,3,20,16
2,151,15,8,24,25,12,2,3,20,16
2,151,15,8,24,25,12,2,3,20,16
2,151,15,8,24,25,12,2,3,20,16
2,224,8,24,25,12,2,3,20,16,14
2,135,8,24,25,12,2,3,20,16,14
2,224,8,24,25,12,2,3,20,16,14
2,135,8,24,25,12,2,3,20,16,14
2,224,8,24,25,12,2,3,20,16
2,224,8,24,25,12,2,3,20,16
2,224,8,24,25,12,2,3,20,16
2,224,8,24,25,12,2,3,20,16
2,224,8,24,25,12,2,3,20,16
2,224,8,24,25,12,2,3,20,16
2,224,8,24,25,12,2,3,20,16
2,224,8,24,25,12,2,3,20,16
2,224,8,24,25,12,2,3,20,16
2,224,8,24,25,12,2,3,20,16
2,224,8,24,25,12,2,3,20,16
2,224,8,24,25,12,2,3,20,16
2,224,8,24,25,12,2,3,20,16
2,224,8,24,25,12,2,3,20,16
2,224,8,24,25,12,2,3,20,16
2,143,8,24,25,12,2,3,20,16
2,143,8,24,25,12,2,3,20,16
2,143,8,24,25,12,2,3,20,16
2,143,8,24,25,12,2,3,20,16
2,143,8,24,25,12,2,3,20,16
2,224,8,24,25,12,2,3,20,16
2,224,8,24,25,12,2,3,20,16
2,224,8,24,25,12,2,3,20,16
2,143,8,24,25,12,2,3,20,16
2,143,8,24,25,12,2,3,20,16
2,143,8,24,25,12,2,3,20,16
2,143,8,24,25,12,2,3,20,16
2,143,8,24,25,12,2,3,20,16
2,143,8,24,25,12,2,3,20,16
2,143,8,24,25,12,2,3,20,16
2,143,8,24,25,12,2,3,20,16
2,143,8,24,25,12,2,3,20,16
2,143,8,24,25,12,2,3,20,16
2,143,8,24,25,12,2,3,20,16
2,143,8,24,25,12,2,3,20,16
2,224,8,24,25,12,2,3,20,16
2,224,8,24,25,12,2,3,20,16
2,224,8,24,25,12,2,3,20,16
2,224,8,24,25,12,2,3,20,16
2,224,8,24,25,12,2,3,20,16
2,224,8,24,25,12,2,3,20,16
2,224,8,24,25,12,2,3,20,16
2,224,8,24,25,12,2,3,20,16
2,224,8,24,25,12,2,3,20,16
2,224,8,24,25,12,2,3,20,16
2,224,8,24,25,12,2,3,20,16
2,224,8,24,25,12,2,3,20,16
2,143,8,24,25,12,2,3,20,16
2,143,8,24,25,12,2,3,20,16
2,143,8,24,25,12,2,3,20,16
2,143,8,24,25,12,2,3,20,16
2,143,8,24,25,12,2,3,20,16
2,143,8,24,25,12,2,3,20,16
2,143,8,24,25,12,2,3,20,16
2,143,8,24,25,12,2,3,20,16
2,143,8,24,25,12,2,3,20,16
2,143,8,24,25,12,2,3,20,16
2,225,8,24,25,12,2,3,20,16
2,225,8,24,25,12,2,3,20,16
2,225,8,24,25,12,2,3,20,16
2,225,8,24,25,12,2,3,20,16
2,225,8,24,25,12,2,3,20,16
2,225,8,24,25,12,2,3,20,16
2,225,8,24,25,12,2,3,20,16
2,225,8,24,25,12,2,3,20,16
2,225,8,24,25,12,2,3,20,16
2,225,8,24,25,12,2,3,20,16
2,225,8,24,25,12,2,3,20,16
2,225,8,24,25,12,2,3,20,16
3,133,8,24,25,12,2,3,20,16,6,22,26,18
3,149,8,24,25,12,2,3,20,16,6,22,26,18
3,133,8,24,25,12,2,3,20,16,6,22,26,18
3,149,8,24,25,12,2,3,20,16,6,22,26,18
3,133,8,24,25,12,2,3,20,16,6,22,26,18
3,153,8,24,25,12,2,3,20,16,6,22,26,18
3,145,8,24,25,12,2,3,20,16,6,22,26,18
3,133,8,24,25,12,2,3,20,16,6,22,26,18
3,149,8,24,25,12,2,3,20,16,6,22,26,18
3,133,8,24,25,12,2,3,20,16,6,22,26,18
3,153,8,24,25,12,2,3,20,16,6,22,26,18
3,145,8,24,25,12,2,3,20,16,6,22,26,18
3,133,8,24,25,12,2,3,20,16,6,22,26,18
3,153,8,24,25,12,2,3,20,16,6,22,26,18
3,133,8,24,25,12,2,3,20,16,6,22,26,18
3,149,8,24,25,12,2,3,20,16,6,22,26,18
3,153,8,24,25,12,2,3,20,16,6,22,26,18
3,133,8,24,25,12,2,3,20,16,6,22,26,18
3,149,8,24,25,12,2,3,20,16,6,22,26,18
3,133,8,24,25,12,2,3,20,16,6,22,26,18
3,149,8,24,25,12,2,3,20,16,6,22,26,18
3,153,8,24,25,12,2,3,20,16,6,22,26,18
3,133,8,24,25,12,2,3,20,16,6,22,26,18
3,149,8,24,25,12,2,3,20,16,6,22,26,18
3,151,8,24,25,12,2,3,20,16,6,22,26,18
3,151,8,24,25,12,2,3,20,16,6,22,26,18
3,151,8,24,25,12,2,3,20,16,6,22,26,18
3,151,8,24,25,12,2,3,20,16,6,22,26,18
3,149,8,24,25,12,2,3,20,16,6,22,26,18
3,133,8,24,25,12,2,3,20,16,6,22,26,18
3,149,8,24,25,12,2,3,20,16,6,22,26,18
3,133,8,24,25,12,2,3,20,16,6,22,26,18
3,133,8,24,25,12,2,3,20,16,6,22,26,18
3,133,8,24,25,12,2,3,20,16,6,22,26,18
3,133,8,24,25,12,2,3,20,16,6,22,26,18
3,151,8,24,25,12,2,3,20,16,6,22,26
3,140,8,24,25,12,2,3,20,16,6,22,26
3,149,8,24,25,12,2,3,20,16,6,22,26
3,140,8,24,25,12,2,3,20,16,6,22,26
3,140,8,24,25,12,2,3,20,16,6,22,26
3,140,8,24,25,12,2,3,20,16,6,22,26
3,140,8,24,25,12,2,3,20,16,6,22,26
3,140,8,24,25,12,2,3,20,16,6,22,26
3,149,8,24,25,12,2,3,20,16,6,22,26
3,140,8,24,25,12,2,3,20,16,6,22,26
3,133,8,24,25,12,2,3,20,16,6,22,26
3,149,8,24,25,12,2,3,20,16,6,22,26
3,151,8,24,25,12,2,3,20,16
3,151,8,24,25,12,2,3,20,16
3,151,8,24,25,12,2,3,20,16
3,151,8,24,25,12,2,3,20,16
3,151,8,24,25,12,2,3,20,16
3,151,8,24,25,12,2,3,20,16
3,133,8,24,25,12,2,3,20,16,6
3,153,8,24,25,12,2,3,20,16,6,26
3,133,8,24,25,12,2,3,20,16,6,26
3,149,8,24,25,12,2,3,20,16,6,26,22
3,133,8,24,25,12,2,3,20,16,6,26,22
3,133,8,24,25,12,2,3,20,16,6,26,22
3,133,8,24,25,12,2,3,20,16,6,26,22
3,133,8,24,25,12,2,3,20,16,6,26,22
3,133,8,24,25,12,2,3,20,16,6,26,22
3,235,8,24,25,12,2,3,20,16,6,26,22
3,133,8,24,25,12,2,3,20,16,6,26,22
3,133,8,24,25,12,2,3,20,16,6,26,22
3,133,8,24,25,12,2,3,20,16,6,26,22
3,133,8,24,25,12,2,3,20,16,6,26,22
3,133,8,24,25,12,2,3,20,16,6,26,22
3,235,8,24,25,12,2,3,20,16,6,26,22
3,235,8,24,25,12,2,3,20,16,6,26,22
3,235,8,24,25,12,2,3,20,16,6,26,22
3,235,8,24,25,12,2,3,20,16,6,26,22
3,235,8,24,25,12,2,3,20,16,6,26,22
3,133,8,24,25,12,2,3,20,16,6,26,22
3,235,8,24,25,12,2,3,20,16,6,26,22
3,133,8,24,25,12,2,3,20,16,6,26,22
3,235,8,24,25,12,2,3,20,16,6,26,22
3,235,8,24,25,12,2,3,20,16,6,26,22
3,235,8,24,25,12,2,3,20,16,6,26,22
3,235,8,24,25,12,2,3,20,16,6,26,22
3,235,8,24,25,12,2,3,20,16,6,26,22
3,235,8,24,25,12,2,3,20,16,6,26,22
3,235,8,24,25,12,2,3,20,16,6,26,22
3,235,8,24,25,12,2,3,20,16,6,26,22
3,235,8,24,25,12,2,3,20,16,6,26,22
3,235,8,24,25,12,2,3,20,16,6,26,22
3,72,8,24,25,12,2,3,20,16,6,26,22,21,7,19,4
3,235,8,24,25,12,2,3,20,16,6,26,22,21,7,19,4
3,235,8,24,25,12,2,3,20,16,6,26,22,21,7,19,4
3,235,8,24,25,12,2,3,20,16,6,26,22,21,7,19,4
3,235,8,24,25,12,2,3,20,16,6,26,22,21,7,19,4
3,235,8,24,25,12,2,3,20,16,6,26,22,21,7,19,4
3,235,8,24,25,12,2,3,20,16,6,26,22,21,7,19,4
3,235,8,24,25,12,2,3,20,16,6,26,22,21,7,19,4
3,235,8,24,25,12,2,3,20,16,6,26,22,21,7,19,4
3,235,8,24,25,12,2,3,20,16,6,26,22,21,7,19,4
3,235,8,24,25,12,2,3,20,16,6,26,22,21,7,19,4
3,235,8,24,25,12,2,3,20,16,6,26,22,21,7,19,4
3,62,8,24,25,12,2,3,20,16,6,26,22,21,7,19,4
3,63,8,24,25,12,2,3,20,16,6,26,22,21,7,19,4
3,64,8,24,25,12,2,3,20,16,6,26,22,21,7,19,4
3,133,8,24,25,12,2,3,20,16,6,26,22,21,7,19,4
3,134,8,24,25,12,2,3,20,16,6,26,22,21,7,19,4
3,133,8,24,25,12,2,3,20,16,6,26,22,21,7,19,4
3,81,8,24,25,12,2,3,20,16,6,26,22,21,7,19,4
3,133,8,24,25,12,2,3,20,16,6,26,22,21,7,19,4
3,79,8,24,25,12,2,3,20,16,6,26,22,21,7,19,4
3,81,8,24,25,12,2,3,20,16,6,26,22,21,7,19,4
3,133,8,24,25,12,2,3,20,16,6,26,22,21,7,19,4
3,235,8,24,25,12,2,3,20,16,6,26,22,21,7,19,4
3,235,8,24,25,12,2,3,20,16,6,26,22,21,7,19,4
3,235,8,24,25,12,2,3,20,16,6,26,22,21,7,19,4
3,235,8,24,25,12,2,3,20,16,6,26,22,21,7,19,4
3,235,8,24,25,12,2,3,20,16,6,26,22,21,7,19,4
3,147,8,24,12,2,20,16,26,22
3,147,8,24,12,2,20,16,26,22
3,147,8,24,12,2,20,16,26,22
3,147,8,24,12,2,20,16,26,22
3,147,8,24,12,2,20,16,26,22
3,151,8,24,12,2,20,16,26,22
3,151,8,24,12,2,20,16,26,22
3,151,8,24,12,2,20,16,26,22
3,151,8,24,12,2,20,16,26,22
3,151,8,24,12,2,20,16,26,22
3,151,8,24,12,2,20,16,26,22
3,151,8,24,12,2,20,16,26,22
3,151,8,24,12,2,20,16,26,22
3,151,8,24,12,2,20,16,26,22
3,151,8,24,12,2,20,16,26,22
3,151,8,24,12,2,20,16,26,22
3,151,8,24,12,2,20,16,26,22
3,151,8,24,12,2,20,16,26,22
3,151,8,24,12,2,20,16,26,22
3,151,8,24,12,2,20,16,26,22
3,151,8,24,12,2,20,16,26,22
3,151,8,24,12,2,20,16,26,22
3,151,8,24,12,2,20,16,26,22
3,151,8,24,12,2,20,16,26,22
3,151,8,24,12,2,20,16,26,22
3,151,8,24,12,2,20,16,26,22
3,151,8,24,12,2,20,16,26,22
3,151,8,24,12,2,20,16,26,22
3,151,8,24,12,2,20,16,26,22
3,151,8,24,12,2,20,16,26,22
3,151,8,24,12,2,20,16,26,22
3,151,8,24,12,2,20,16,26,22
3,151,8,24,12,2,20,16,26,22
3,151,8,24,12,2,20,16,26,22
3,147,8,24,12,2,20,16,26,22
3,147,8,24,12,2,20,16,26,22
3,147,8,24,12,2,20,16,26,22
3,151,8,24,12,2,20,16,26,22
3,151,8,24,12,2,20,16,26,22
3,151,8,24,12,2,20,16,26,22
3,147,8,24,12,2,20,16,26,22,15
3,151,8,24,12,2,20,16,26,22,15
3,135,8,24,12,2,20,16,26,22,15
3,135,8,24,12,2,20,16,26,22,15
3,225,8,24,12,2,20,16,26,22,15
3,225,8,24,12,2,20,16,26,22,15
3,225,8,24,12,2,20,16,26,22,15
3,225,8,24,12,2,20,16,26,22,15
3,225,8,24,12,2,20,16,26,22,15
3,225,8,24,12,2,20,16,26,22,15
3,225,8,24,12,2,20,16,26,22,15
3,225,8,24,12,2,20,16,26,22,15
3,225,8,24,12,2,20,16,26,22,15
3,225,8,24,12,2,20,16,26,22,15
3,225,8,24,12,2,20,16,26,22,15
3,225,8,24,12,2,20,16,26,22,15
3,135,8,24,12,2,20,16,26,22,15
3,135,8,24,12,2,20,16,26,22,15
3,135,8,24,12,2,20,16,26,22,15
3,135,8,24,12,2,20,16,26,22,15
3,225,8,24,12,2,20,16,26,22,15
3,225,8,24,12,2,20,16,26,22,15
3,135,8,24,12,2,20,16,26,22,15
3,225,8,24,12,2,20,16,26,22,15
3,225,8,24,12,2,20,16,26,22,15
3,225,8,24,12,2,20,16,26,22,15
3,225,8,24,12,2,20,16,26,22,15
3,225,8,24,12,2,20,16,26,22,15
3,225,8,24,12,2,20,16,26,22,15
3,225,8,24,12,2,20,16,26,22,15
3,225,8,24,12,2,20,16,26,22,15
3,225,8,24,12,2,20,16,26,22,15
3,135,8,24,12,2,20,16,26,22,15
3,135,8,24,12,2,20,16,26,22,15
3,135,8,24,12,2,20,16,26,22,15
3,225,8,24,12,2,20,16,26,22,15
3,135,8,24,12,2,20,16,26,22,15
3,225,8,24,12,2,20,16,26,22,15
3,225,8,24,12,2,20,16,26,22,15
3,225,8,24,12,2,20,16,26,22,15
3,135,8,24,12,2,20,16,26,22
3,135,8,24,12,2,20,16,26,22
3,135,8,24,12,2,20,16,26,22
3,135,8,24,12,2,20,16,26,22
3,135,8,24,12,2,20,16,26,22
3,135,8,24,12,2,20,16,26,22
3,147,8,24,12,2,20,16,26,22
3,147,8,24,12,2,20,16,26,22
3,147,8,24,12,2,20,16,26,22
3,147,8,24,12,2,20,16,26,22
3,151,8,24,12,2,20,16,26,22
3,151,8,24,12,2,20,16,26,22
3,147,8,24,12,2,20,16,26,22
3,147,8,24,12,2,20,16,26,22
3,147,8,24,12,2,20,16,26,22
3,147,8,24,12,2,20,16,26,22
3,147,8,24,12,2,20,16,26,22
3,147,8,24,12,2,20,16,26,22
3,151,8,24,12,2,20,16,26,22
3,151,8,24,12,2,20,16,26,22
3,147,8,24,12,2,20,16,26,22
3,147,8,24,12,2,20,16,26,22
3,147,8,24,12,2,20,16,26,22
3,147,8,24,12,2,20,16,26,22
3,147,8,24,12,2,20,16,26,22
3,147,8,24,12,2,20,16,26,22
3,147,8,24,12,2,20,16,26,22
3,147,8,24,12,2,20,16,26,22
3,151,8,24,12,2,20,16,26,22
3,151,8,24,12,2,20,16,26,22
3,151,8,24,12,2,20,16,26,22
3,151,8,24,12,2,20,16,26,22
3,151,8,24,12,2,20,16,26,22
3,151,8,24,12,2,20,16,26,22
3,147,8,24,12,2,20,16,26,22
3,147,8,24,12,2,20,16,26,22
3,151,8,24,12,2,20,16,26,22
3,151,8,24,12,2,20,16,26,22
3,151,8,24,12,2,20,16,26,22
3,151,8,24,12,2,20,16,26,22
3,143,8,24,12,2,20,16,26,22,14
3,143,8,24,12,2,20,16,26,22,14
3,143,8,24,12,2,20,16,26,22,14
3,143,8,24,12,2,20,16,26,22,14
3,143,8,24,12,2,20,16,26,22,14
3,143,8,24,12,2,20,16,26,22,14
3,224,8,24,12,2,20,16,26,22,14
3,224,8,24,12,2,20,16,26,22,14
3,224,8,24,12,2,20,16,26,22,14
3,224,8,24,12,2,20,16,26,22,14
3,224,8,24,12,2,20,16,26,22,14
3,224,8,24,12,2,20,16,26,22,14
3,143,8,24,12,2,20,16,26,22,14
3,224,8,24,12,2,20,16,26,22,14
3,143,8,24,12,2,20,16,26,22,14
3,135,8,24,12,2,20,16,26,22,14
3,135,8,24,12,2,20,16,26,22,14
3,135,8,24,12,2,20,16,26,22,14
3,135,8,24,12,2,20,16,26,22,14
3,135,8,24,12,2,20,16,26,22,14
3,135,8,24,12,2,20,16,26,22,14
3,135,8,24,12,2,20,16,26,22,14
3,135,8,24,12,2,20,16,26,22,14
3,224,8,24,12,2,20,16,26,22,14
3,224,8,24,12,2,20,16,26,22,14
3,224,8,24,12,2,20,16,26,22,14
3,224,8,24,12,2,20,16,26,22,14
3,224,8,24,12,2,20,16,26,22,14
3,224,8,24,12,2,20,16,26,22,14
3,224,8,24,12,2,20,16,26,22,14
3,224,8,24,12,2,20,16,26,22,14
3,224,8,24,12,2,20,16,26,22,14
3,224,8,24,12,2,20,16,26,22,14
3,224,8,24,12,2,20,16,26,22,14
3,224,8,24,12,2,20,16,26,22,14
3,224,8,24,12,2,20,16,26,22,14
3,224,8,24,12,2,20,16,26,22,14
3,224,8,24,12,2,20,16,26,22,14
3,224,8,24,12,2,20,16,26,22,14
3,224,8,24,12,2,20,16,26,22,14
3,143,8,24,12,2,20,16,26,22,14
3,143,8,24,12,2,20,16,26,22,14
3,143,8,24,12,2,20,16,26,22,14
3,143,8,24,12,2,20,16,26,22,14
3,143,8,24,12,2,20,16,26,22,14
3,143,8,24,12,2,20,16,26,22,14
3,224,8,24,12,2,20,16,26,22,14
3,135,8,24,12,2,20,16,26,22,14
3,135,8,24,12,2,20,16,26,22,14
3,135,8,24,12,2,20,16,26,22,14
3,135,8,24,12,2,20,16,26,22,14
3,135,8,24,12,2,20,16,26,22,14
3,143,8,24,12,2,20,16,26,22,14
3,135,8,24,12,2,20,16,26,22,14
3,135,8,24,12,2,20,16,26,22,14
3,135,8,24,12,2,20,16,26,22,14
3,225,8,24,12,2,20,16,26,22,14,15
3,225,8,24,12,2,20,16,26,22,14,15
3,225,8,24,12,2,20,16,26,22,14,15
3,225,8,24,12,2,20,16,26,22,14,15
3,225,8,24,12,2,20,16,26,22,14,15
3,225,8,24,12,2,20,16,26,22,14,15
3,225,8,24,12,2,20,16,26,22,14,15
3,143,8,24,12,2,20,16,26,22,14,15
3,225,8,24,12,2,20,16,26,22,14,15
3,143,8,24,12,2,20,16,26,22,14,15
3,143,8,24,12,2,20,16,26,22,14,15
3,143,8,24,12,2,20,16,26,22,14,15
3,143,8,24,12,2,20,16,26,22,14,15
3,143,8,24,12,2,20,16,26,22,14,15
3,225,8,24,12,2,20,16,26,22,14,15
3,224,8,24,12,2,20,16,26,22,14,15
3,224,8,24,12,2,20,16,26,22,14,15
3,224,8,24,12,2,20,16,26,22,14,15
3,224,8,24,12,2,20,16,26,22,14,15
3,224,8,24,12,2,20,16,26,22,14,15
3,224,8,24,12,2,20,16,26,22,14,15
3,224,8,24,12,2,20,16,26,22,14,15
3,224,8,24,12,2,20,16,26,22,14,15
3,224,8,24,12,2,20,16,26,22,14,15
3,224,8,24,12,2,20,16,26,22,14,15
3,224,8,24,12,2,20,16,26,22,14,15
3,224,8,24,12,2,20,16,26,22,14,15
3,224,8,24,12,2,20,16,26,22,14,15
3,224,8,24,12,2,20,16,26,22,14,15
3,224,8,24,12,2,20,16,26,22,14,15
3,224,8,24,12,2,20,16,26,22,14,15
3,224,8,24,12,2,20,16,26,22,14,15
3,224,8,24,12,2,20,16,26,22,14,15
3,224,8,24,12,2,20,16,26,22,14,15
3,224,8,24,12,2,20,16,26,22,14,15
3,224,8,24,12,2,20,16,26,22,14,15
3,224,8,24,12,2,20,16,26,22,14,15
3,224,8,24,12,2,20,16,26,22,14,15
3,224,8,24,12,2,20,16,26,22,14,15
3,224,8,24,12,2,20,16,26,22,14,15
3,224,8,24,12,2,20,16,26,22,14,15
3,224,8,24,12,2,20,16,26,22,14,15
3,224,8,24,12,2,20,16,26,22,14,15
3,225,8,24,12,2,20,16,26,22,14,15
3,225,8,24,12,2,20,16,26,22,14,15
3,224,8,24,12,2,20,16,26,22,14,15
3,224,8,24,12,2,20,16,26,22,14,15
3,224,8,24,12,2,20,16,26,22,14,15
3,224,8,24,12,2,20,16,26,22,14,15
3,224,8,24,12,2,20,16,26,22,14,15
3,224,8,24,12,2,20,16,26,22,14,15
3,224,8,24,12,2,20,16,26,22,14,15
3,224,8,24,12,2,20,16,26,22,14,15
3,224,8,24,12,2,20,16,26,22,14,15
3,224,8,24,12,2,20,16,26,22,14,15
3,224,8,24,12,2,20,16,26,22,14,15
3,224,8,24,12,2,20,16,26,22,14,15
3,224,8,24,12,2,20,16,26,22,14,15
3,224,8,24,12,2,20,16,26,22,14,15
3,225,8,24,12,2,20,16,26,22,14,15
3,224,8,24,12,2,20,16,26,22,14,15
3,224,8,24,12,2,20,16,26,22,14,15
3,224,8,24,12,2,20,16,26,22,14,15
3,224,8,24,12,2,20,16,26,22,14,15
3,224,8,24,12,2,20,16,26,22,14,15
3,224,8,24,12,2,20,16,26,22,14,15
3,224,8,24,12,2,20,16,26,22,14,15
3,224,8,24,12,2,20,16,26,22,14,15
3,143,8,24,12,2,20,16,26,22,14,15
3,143,8,24,12,2,20,16,26,22,14,15
3,224,8,24,12,2,20,16,26,22,14,15
3,225,8,24,12,2,20,16,26,22,14,15
3,135,8,24,12,2,20,16,26,22,14,15
3,143,8,24,12,2,20,16,26,22,14,15
3,143,8,24,12,2,20,16,26,22,14,15
3,143,8,24,12,2,20,16,26,22,14,15
3,143,8,24,12,2,20,16,26,22,14,15
3,143,8,24,12,2,20,16,26,22,14,15
3,135,8,24,12,2,20,16,26,22,14,15
3,143,8,24,12,2,20,16,26,22,14,15
3,135,8,24,12,2,20,16,26,22,14,15
3,225,8,24,12,2,20,16,26,22,14,15
3,143,8,24,12,2,20,16,26,22,14,15
3,135,8,24,12,2,20,16,26,22,14,15
3,135,8,24,12,2,20,16,26,22,14,15
3,135,8,24,12,2,20,16,26,22,14,15
3,143,8,24,12,2,20,16,26,22,14,15
3,143,8,24,12,2,20,16,26,22,14,15
3,225,8,24,12,2,20,16,26,22,14,15
3,225,8,24,12,2,20,16,26,22,14,15
3,143,8,24,12,2,20,16,26,22,14,15
3,143,8,24,12,2,20,16,26,22,14,15
3,225,8,24,12,2,20,16,26,22,14,15
3,224,8,24,12,2,20,16,26,22,14,15
3,143,8,24,12,2,20,16,26,22,14,15
3,135,8,24,12,2,20,16,26,22,14,15
3,135,8,24,12,2,20,16,26,22,14,15
3,143,8,24,12,2,20,16,26,22,14,15
3,143,8,24,12,2,20,16,26,22,14,15
3,225,8,24,12,2,20,16,26,22,14,15
3,225,8,24,12,2,20,16,26,22,14,15
3,225,8,24,12,2,20,16,26,22,14,15
3,225,8,24,12,2,20,16,26,22,14,15
3,225,8,24,12,2,20,16,26,22,14,15
3,225,8,24,12,2,20,16,26,22,14,15
3,225,8,24,12,2,20,16,26,22,14,15
3,143,8,24,12,2,20,16,26,22,14,15
3,143,8,24,12,2,20,16,26,22,14,15
3,143,8,24,12,2,20,16,26,22,14,15
3,143,8,24,12,2,20,16,26,22,14,15
3,143,8,24,12,2,20,16,26,22,14,15
3,225,8,24,12,2,20,16,26,22,14,15
3,225,8,24,12,2,20,16,26,22,14,15
3,225,8,24,12,2,20,16,26,22,14,15
3,224,8,24,12,2,20,16,26,22,14,15
3,224,8,24,12,2,20,16,26,22,14,15
3,224,8,24,12,2,20,16,26,22,14,15
3,224,8,24,12,2,20,16,26,22,14,15
3,224,8,24,12,2,20,16,26,22,14,15
3,225,8,24,12,2,20,16,26,22,14,15
3,225,8,24,12,2,20,16,26,22,14,15
3,225,8,24,12,2,20,16,26,22,14,15
3,225,8,24,12,2,20,16,26,22,14,15
3,225,8,24,12,2,20,16,26,22,14,15
3,225,8,24,12,2,20,16,26,22,14,15
3,225,8,24,12,2,20,16,26,22,14,15
3,225,8,24,12,2,20,16,26,22,14,15
3,225,8,24,12,2,20,16,26,22,14,15
3,225,8,24,12,2,20,16,26,22,14,15
3,224,8,24,12,2,20,16,26,22,14,15
3,224,8,24,12,2,20,16,26,22,14,15
3,224,8,24,12,2,20,16,26,22,14,15
3,224,8,24,12,2,20,16,26,22,14,15
3,224,8,24,12,2,20,16,26,22,14,15
3,224,8,24,12,2,20,16,26,22,14,15
3,224,8,24,12,2,20,16,26,22,14,15
3,225,8,24,12,2,20,16,26,22,14,15
3,224,8,24,12,2,20,16,26,22,14,15
3,224,8,24,12,2,20,16,26,22,14,15
3,224,8,24,12,2,20,16,26,22,14,15
3,224,8,24,12,2,20,16,26,22,14,15
3,224,8,24,12,2,20,16,26,22,14,15
3,224,8,24,12,2,20,16,26,22,14,15
3,224,8,24,12,2,20,16,26,22,14,15
3,224,8,24,12,2,20,16,26,22,14,15
3,224,8,24,12,2,20,16,26,22,14,15
3,224,8,24,12,2,20,16,26,22,14,15
3,224,8,24,12,2,20,16,26,22,14,15
3,224,8,24,12,2,20,16,26,22,14,15
3,225,8,24,12,2,20,16,26,22,14,15
3,224,8,24,12,2,20,16,26,22,14,15
3,225,8,24,12,2,20,16,26,22,14,15
3,225,8,24,12,2,20,16,26,22,14,15
3,143,8,24,12,2,20,16,26,22,14,15
3,135,8,24,12,2,20,16,26,22,14,15
3,224,8,24,12,2,20,16,26,22,14,15
3,224,8,24,12,2,20,16,26,22,14,15
3,224,8,24,12,2,20,16,26,22,14,15
3,225,8,24,12,2,20,16,26,22,14,15
3,225,8,24,12,2,20,16,26,22,14,15
3,225,8,24,12,2,20,16,26,22,14,15
3,143,8,24,12,2,20,16,26,22,14,15
3,143,8,24,12,2,20,16,26,22,14,15
3,143,8,24,12,2,20,16,26,22,14,15
3,135,8,24,12,2,20,16,26,22,14,15
3,135,8,24,12,2,20,16,26,22,14,15
3,135,8,24,12,2,20,16,26,22,14,15
3,135,8,24,12,2,20,16,26,22,14,15
3,135,8,24,12,2,20,16,26,22,14,15
3,135,8,24,12,2,20,16,26,22,14,15
3,143,8,24,12,2,20,16,26,22,14,15
3,143,8,24,12,2,20,16,26,22,14,15
3,143,8,24,12,2,20,16,26,22,14,15
3,135,8,24,12,2,20,16,26,22,14,15
3,225,8,24,12,2,20,26,22,14,15
3,225,8,24,12,2,20,26,22,14,15
3,224,8,24,12,2,20,26,22,14,15
3,224,8,24,12,2,20,26,22,14,15
3,224,8,24,12,2,20,26,22,14,15
3,224,8,24,12,2,20,26,22,14,15
3,147,8,24,12,2,20,26,22,14,15
3,147,8,24,12,2,20,26,22,14,15
3,151,8,24,12,2,20,26,22,14,15
3,151,8,24,12,2,20,26,22,14,15
3,151,8,24,12,2,20,26,22,14,15
3,151,8,24,12,2,20,26,22,14,15
3,151,8,24,12,2,20,26,22,14,15
3,151,8,24,12,2,20,26,22,14,15
3,151,8,24,12,2,20,26,22,14,15
3,147,8,24,12,2,20,26,22,14,15
3,147,8,24,12,2,20,26,22,14,15
3,147,8,24,12,2,20,26,22,14,15
3,147,8,24,12,2,20,26,22,14,15
3,147,8,24,12,2,20,26,22,14,15
3,147,8,24,12,2,20,26,22,14,15
3,147,8,24,12,2,20,26,22,14,15
3,147,8,24,12,2,20,26,22,14,15
3,147,8,24,12,2,20,26,22,14,15
3,147,8,24,12,2,20,26,22,14,15
3,147,8,24,12,2,20,26,22,14,15
3,147,8,24,12,2,20,26,22,14,15
3,147,8,24,12,2,20,26,22,14,15
3,147,8,24,12,2,20,26,22,14,15
3,147,8,24,12,2,20,26,22,14,15
3,147,8,24,12,2,20,26,22,14,15
3,147,8,24,12,2,20,26,22,14,15
3,147,8,24,12,2,20,26,22,14,15
3,147,8,24,12,2,20,26,22,14,15
3,147,8,24,12,2,20,26,22,14,15
3,147,8,24,12,2,20,26,22,14,15
3,147,8,24,12,2,20,26,22,14,15
3,147,8,24,12,2,20,26,22,14,15
3,147,8,24,12,2,20,26,22,14,15
3,151,8,24,12,2,20,26,22,14,15
3,151,8,24,12,2,20,26,22,14,15
3,151,8,24,12,2,20,26,22,14,15
3,151,8,24,12,2,20,26,22,14,15
3,151,8,24,12,2,20,26,22,14,15
3,151,8,24,12,2,20,26,22,14,15
3,151,8,24,12,2,20,26,22,14,15
3,151,8,24,12,2,20,26,22,14,15
3,151,8,24,12,2,20,26,22,14,15
3,151,8,24,12,2,20,26,22,14,15
3,147,8,24,12,2,20,26,22,14,15
3,147,8,24,12,2,20,26,22,14,15
3,147,8,24,12,2,20,26,22,14,15
3,147,8,24,12,2,20,26,22,14,15
3,147,8,24,12,2,20,26,22,14,15
3,147,8,24,12,2,20,26,22,14,15
3,147,8,24,12,2,20,26,22,14,15
3,147,8,24,12,2,20,26,22,14,15
3,151,8,24,12,2,20,26,22,14,15
3,143,8,24,12,2,20,26,22,14,15
3,143,8,24,12,2,20,26,22,14,15
3,151,8,24,12,2,20,26,22,14,15
3,143,8,24,12,2,20,26,22,14,15
3,151,8,24,12,2,20,26,22,14,15
3,135,8,24,12,2,20,26,22,14,15
3,135,8,24,12,2,20,26,22,14,15
3,135,8,24,12,2,20,26,22,14,15
3,151,8,24,12,2,20,26,22,14,15
3,151,8,24,12,2,20,26,22,14,15
3,151,8,24,12,2,20,26,22,14,15
3,151,8,24,12,2,20,26,22,14,15
3,151,8,24,12,2,20,26,22,14,15
3,135,8,24,12,2,20,26,22,14,15
3,151,8,24,12,2,20,26,22,14,15
3,143,8,12,2,20,26,22,14,15
3,143,8,12,2,20,26,22,14,15
3,143,8,12,2,20,26,22,14,15
3,143,8,12,2,20,26,22,14,15
3,143,8,12,2,20,26,22,14,15
3,143,8,12,2,20,26,22,14,15
3,143,8,12,2,20,26,22,14,15
3,143,8,12,2,20,26,22,14,15
3,151,8,12,2,20,26,22,14,15,24
3,135,8,12,2,20,26,22,14,15,24
3,135,8,12,2,20,26,22,14,15,24
3,135,8,12,2,20,26,22,14,15,24
3,135,8,12,2,20,26,22,14,15,24
3,151,8,12,2,20,26,22,14,15,24
3,135,8,12,2,20,26,22,14,15,24
3,135,8,12,2,20,26,22,14,15,24
3,135,8,12,2,20,26,22,14,15,24
3,135,8,12,2,20,26,22,14,15,24
3,135,8,12,2,20,26,22,14,15,24
3,224,8,12,2,20,26,22,14,15,24
3,224,8,12,2,20,26,22,14,15,24
3,224,8,12,2,20,26,22,14,15,24
3,224,8,12,2,20,26,22,14,15,24
3,224,8,12,2,20,26,22,14,15,24
3,224,8,12,2,20,26,22,14,15,24
3,151,8,12,2,20,26,22,14,15,24
3,151,8,12,2,20,26,22,14,15,24
3,151,8,12,2,20,26,22,14,15,24
3,151,8,12,2,20,26,22,14,15,24
3,151,8,12,2,20,26,22,14,15,24
3,225,8,12,2,20,26,22,14,15,24
3,225,8,12,2,20,26,22,14,15,24
3,225,8,12,2,20,26,22,14,15,24
3,225,8,12,2,20,26,22,14,15,24
3,225,8,12,2,20,26,22,14,15,24
3,225,8,12,2,20,26,22,14,15,24
3,151,8,12,2,20,26,22,14,15,24
3,151,8,12,2,20,26,22,14,15,24
3,151,8,12,2,20,26,22,14,15,24
3,151,8,12,2,20,26,22,14,15,24
3,151,8,12,2,20,26,22,14,15,24
3,151,8,12,2,20,26,22,14,15,24
3,151,8,12,2,20,26,22,14,15,24
3,151,8,12,2,20,26,22,14,15,24
3,151,8,12,2,20,26,22,14,15,24
4,235,8,12,2,20,26,22,14,15,24,25,6,21,7
4,235,8,12,2,20,26,22,14,15,24,25,6,21,7
4,235,8,12,2,20,26,22,14,15,24,25,6,21,7
4,235,8,12,2,20,26,22,14,15,24,25,6,21,7
4,133,8,12,2,20,26,22,14,15,24,25,6,21,7
4,81,8,12,2,20,26,22,14,15,24,25,6,21,7
4,133,8,12,2,20,26,22,14,15,24,25,6,21,7
4,134,8,12,2,20,26,22,14,15,24,25,6,21,7
4,133,8,12,2,20,26,22,14,15,24,25,6,21,7
4,79,8,12,2,20,26,22,14,15,24,25,6,21,7
4,133,8,12,2,20,26,22,14,15,24,25,6,21,7
4,79,8,12,2,20,26,22,14,15,24,25,6,21,7
4,133,8,12,2,20,26,22,14,15,24,25,6,21,7
4,235,8,12,2,20,26,22,14,15,24,25,6,21,7
4,133,8,12,2,20,26,22,14,15,24,25,6,21,7
4,235,8,12,2,20,26,22,14,15,24,25,6,21,7
4,133,8,12,2,20,26,22,14,15,24,25,6,21,7
4,235,8,12,2,20,26,22,14,15,24,25,6,21,7
4,235,8,12,2,20,26,22,14,15,24,25,6,21,7
4,235,8,12,2,20,26,22,14,15,24,25,6,21,7
4,133,8,12,2,20,26,22,14,15,24,25,6,21,7
4,235,8,12,2,20,26,22,14,15,24,25,6,21,7
4,235,8,12,2,20,26,22,14,15,24,25,6,21,7
4,235,8,12,2,20,26,22,14,15,24,25,6,21,7
4,235,8,12,2,20,26,22,14,15,24,25,6,21,7
4,235,8,12,2,20,26,22,14,15,24,25,6,21,7
4,235,8,12,2,20,26,22,14,15,24,25,6,21,7
4,147,8,12,2,20,26,22,14,15,24,25,6,21,7
4,147,8,12,2,20,26,22,14,15,24,25,6,21,7
4,147,8,12,2,20,26,22,14,15,24,25,6,21,7
4,147,8,12,2,20,26,22,14,15,24,25,6,21,7
4,147,8,12,2,20,26,22,14,15,24,25,6,21,7
4,147,8,12,2,20,26,22,14,15,24,25,6,21,7
4,147,8,12,2,20,26,22,14,15,24,25,6,21,7
4,147,8,12,2,20,26,22,14,15,24,25,6,21,7
4,147,8,12,2,20,26,22,14,15,24,25,6,21,7
4,147,8,12,2,20,26,22,14,15,24,25,6,21,7
4,147,8,12,2,20,26,22,14,15,24,25,6,21,7
4,147,8,12,2,20,26,22,14,15,24,25,6,21,7
4,147,8,12,2,20,26,22,14,15,24,25,6,21,7
4,147,8,12,2,20,26,22,14,15,24,25,6,21,7
4,147,8,12,2,20,26,22,14,15,24,25,6,21,7
4,147,8,12,2,20,26,22,14,15,24,25,6,21,7
4,147,8,12,2,20,26,22,14,15,24,25,6,21,7
4,147,8,12,2,20,26,22,14,15,24,25,6,21,7
4,147,8,12,2,20,26,22,14,15,24,25,6,21,7
4,147,8,12,2,20,26,22,14,15,24,25,6,21,7
4,147,8,12,2,20,26,22,14,15,24,25,6,21,7
4,147,8,12,2,20,26,22,14,15,24,25,6,21,7
4,147,8,12,2,20,26,22,14,15,24,25,6,21,7
4,147,8,12,2,20,26,22,14,15,24,25,6,21,7
4,147,8,12,2,20,26,22,14,15,24,25,6,21,7
4,147,8,12,2,20,26,22,14,15,24,25,6,21,7
4,147,8,12,2,20,26,22,14,15,24,25,6,21,7
4,147,8,12,2,20,26,22,14,15,24,25,6,21,7
4,147,8,12,2,20,26,22,14,15,24,25,6,21,7
4,147,8,12,2,20,26,22,14,15,24,25,6,21,7
4,147,8,12,2,20,26,22,14,15,24,25,6,21,7
4,235,8,12,2,20,26,22,14,15,24,25,6,21,7
4,235,8,12,2,20,26,22,14,15,24,25,6,21,7
4,147,8,12,2,20,26,22,14,15,24,25,6,21,7
4,235,8,12,2,20,26,22,14,15,24,25,6,21,7
4,235,8,12,2,20,26,22,14,15,24,25,6,21,7
4,147,8,12,2,20,26,22,14,15,24,25,6,21,7
4,147,8,12,2,20,26,22,14,15,24,25,6,21,7
4,147,8,12,2,20,26,22,14,15,24,25,6,21,7
4,235,8,12,2,20,26,22,14,15,24,25,6,21,7
4,151,8,12,2,20,26,22,14,15,24,25,6,21,7
4,147,8,12,2,20,26,22,14,15,24,25,6,21,7
4,147,8,12,2,20,26,22,14,15,24,25,6,21,7
4,147,8,12,2,20,26,22,14,15,24,25,6,21,7
4,147,8,12,2,20,26,22,14,15,24,25,6,21,7
4,147,8,12,2,20,26,22,14,15,24,25,6,21,7
4,147,8,12,2,20,26,22,14,15,24,25,6,21,7
4,147,8,12,2,20,26,22,14,15,24,25,6,21,7
4,147,8,12,2,20,26,22,14,15,24,25,6,21,7
4,151,8,12,2,20,26,22,14,15,24,25,6,21,7
4,151,8,12,2,20,26,22,14,15,24,25,6,21,7
4,147,8,12,2,20,26,22,14,15,24,25,6,21,7
4,147,8,12,2,20,26,22,14,15,24,25,6,21,7
4,147,8,12,2,20,26,22,14,15,24,25,6,21,7
4,147,8,12,2,20,26,22,14,15,24,25,6,21,7
4,235,8,12,2,20,26,22,14,15,24,25,6,21,7
4,235,8,12,2,20,26,22,14,15,24,25,6,21,7
4,235,8,12,2,20,26,22,14,15,24,25,6,21,7
4,235,8,12,2,20,26,22,14,15,24,25,6,21,7
4,69,8,12,2,26,22,14,15,9,11,10
4,69,8,12,2,26,22,14,15,9,11,10
4,69,8,12,2,26,22,14,15,9,11,10
4,69,8,12,2,26,22,14,15,9,11,10
4,69,8,12,2,26,22,14,15,9,11,10
4,69,8,12,2,26,22,14,15,9,11,10
4,69,8,12,2,26,22,14,15,9,11,10
4,69,8,12,2,26,22,14,15,9,11,10
4,69,8,12,2,26,22,14,15,9,11,10
4,70,8,12,2,26,22,14,15,9,11,10
4,70,8,12,2,26,22,14,15,9,11,10
4,70,8,12,2,26,22,14,15,9,11,10
4,70,8,12,2,26,22,14,15,9,11,10
4,70,8,12,2,26,22,14,15,9,11,10
4,70,8,12,2,26,22,14,15,9,11,10
4,70,8,12,2,26,22,14,15,9,11,10
4,69,8,12,2,26,22,14,15,9,11,10
4,69,8,12,2,26,22,14,15,9,11,10
4,69,8,12,2,26,22,14,15,9,11,10
4,69,8,12,2,26,22,14,15,9,11,10
4,69,8,12,2,26,22,14,15,9,11,10
4,69,8,12,2,26,22,14,15,9,11,10
4,69,8,12,2,26,22,14,15,9,11,10
4,69,8,12,2,26,22,14,15,9,11,10
4,69,8,12,2,26,22,14,15,9,11,10
4,138,8,12,2,26,22,14,15,9,11,10
4,138,8,12,2,26,22,14,15,9,11,10
4,138,8,12,2,26,22,14,15,9,11,10
4,138,8,12,2,26,22,14,15,9,11,10
4,69,8,12,2,26,22,14,15,9,11,10
4,69,8,12,2,26,22,14,15,9,11,10
4,69,8,12,2,26,22,14,15,9,11,10
4,69,8,12,2,26,22,14,15,9,11,10
4,69,8,12,2,26,22,14,15,9,11,10
4,138,8,12,2,26,22,14,15,9,11,10
4,69,8,12,2,26,22,14,15,9,11,10
4,69,8,12,2,26,22,14,15,9,11,10
4,69,8,12,2,26,22,14,15,9,11,10
4,143,8,12,2,26,22,14,15,9,11,10
4,69,8,12,2,26,22,14,15,9,11,10
4,69,8,12,2,26,22,14,15,9,11,10
4,69,8,12,2,26,22,14,15,9,11,10
4,69,8,12,2,26,22,14,15,9,11,10
4,69,8,12,2,26,22,14,15,9,11,10
4,143,8,12,2,26,22,14,15,9,11,10
4,143,8,12,2,26,22,14,15,9,11,10
4,143,8,12,2,26,22,14,15,9,11,10
4,143,8,12,2,26,22,14,15,9,11,10
4,143,8,12,2,26,22,14,15,9,11,10
4,143,8,12,2,26,22,14,15,9,11,10
4,143,8,12,2,26,22,14,15,9,11,10
4,143,8,12,2,26,22,14,15,9,11,10
4,138,8,12,2,26,22,14,15,9,11,10
4,138,8,12,2,26,22,14,15,9,11,10
4,138,8,12,2,26,22,14,15,9,11,10
4,138,8,12,2,26,22,14,15,9,11,10
4,138,8,12,2,26,22,14,15,9,11,10
4,138,8,12,2,26,22,14,15,9,11,10
4,135,8,12,2,26,22,14,15,9,11,10
4,135,8,12,2,26,22,14,15,9,11,10
4,135,8,12,2,26,22,14,15,9,11,10
4,135,8,12,2,26,22,14,15,9,11,10
4,135,8,12,2,26,22,14,15,9,11,10
4,135,8,12,2,26,22,14,15,9,11,10
4,135,8,12,2,26,22,14,15,9,11,10
4,135,8,12,2,26,22,14,15,9,11,10
4,135,8,12,2,26,22,14,15,9,11,10
4,135,8,12,2,26,22,14,15,9,11,10
4,135,8,12,2,26,22,14,15,9,11,10
4,135,8,12,2,26,22,14,15,9,11,10
4,135,8,12,2,26,22,14,15,9,11,10
4,135,8,12,2,26,22,14,15,9,11,10
4,135,8,12,2,26,22,14,15,9,11,10
4,135,8,12,2,26,22,14,15,9,11,10
4,135,8,12,2,26,22,14,15,9,11,10
4,69,8,12,2,26,22,14,15,9,11,10
4,69,8,12,2,26,22,14,15,9,11,10
4,69,8,12,2,26,22,14,15,9,11,10
4,69,8,12,2,26,22,14,15,9,11,10
4,69,8,12,2,26,22,14,15,9,11,10
4,69,8,12,2,26,22,14,15,9,11,10
4,69,8,12,2,26,22,14,15,9,11,10
4,69,8,12,2,26,22,14,15,9,11,10
4,69,8,12,2,26,22,14,15,9,11,10
4,69,8,12,2,26,22,14,15,9,11,10
4,135,8,12,2,26,22,14,15,9,11
4,135,8,12,2,26,22,14,15,9,11
4,225,8,12,2,26,22,14,15,9,11
4,225,8,12,2,26,22,14,15,9,11
4,224,8,12,2,26,22,14,15,9,11
4,224,8,12,2,26,22,14,15,9,11
4,224,8,12,2,26,22,14,15,9,11
4,135,8,12,2,26,22,14,15,9,11
4,135,8,12,2,26,22,14,15,9,11
4,135,8,12,2,26,22,14,15,9,11
4,225,8,12,2,26,22,14,15,9,11
4,224,8,12,2,26,22,14,15,9,11
4,143,8,12,2,26,22,14,15,9,11
4,135,8,12,2,26,22,14,15,9,11
4,133,12,2,26,22,9,11
4,149,12,2,26,22,9,11,13,18
4,145,12,2,26,22,9,11,13,18
4,140,12,2,26,22,9,11,13,18
4,149,12,2,26,22,9,11,13,18
4,140,12,2,26,22,9,11,13,18
4,149,12,2,26,22,9,11,13,18
4,140,12,2,26,22,9,11,13,18
4,144,12,2,26,22,9,11,13,18,17
4,140,12,2,26,22,9,11,13,18,17
4,133,12,2,26,22,9,11,13,18,17,6
4,149,12,2,26,22,9,11,13,18,17,6
4,133,12,2,26,22,9,11,13,18,17,6
4,149,12,2,26,22,9,11,13,18,17,6
4,133,12,2,26,22,9,11,13,18,17,6
5,70,12,2,26,9,11,13,18,17,10
5,69,12,2,26,9,11,13,18,17,10
5,69,12,2,26,9,11,13,18,17,10
5,69,12,2,26,9,11,13,18,17,10
5,69,12,2,26,9,11,13,18,17,10
5,69,12,2,26,9,11,13,18,17,10
5,69,12,2,26,9,11,13,18,17,10
5,69,12,2,26,9,11,13,18,17,10
5,69,12,2,26,9,11,13,18,17,10
5,69,12,2,26,9,11,13,18,17,10
5,69,12,2,26,9,11,13,18,17,10
5,69,12,2,26,9,11,13,18,17,10
5,69,12,2,26,9,11,13,18,17,10
5,69,12,2,26,9,11,13,18,17,10
5,69,12,2,26,9,11,13,18,17,10
5,69,12,2,26,9,11,13,18,17,10
5,69,12,2,26,9,11,13,18,17,10
5,69,12,2,26,9,11,13,18,17,10
5,69,12,2,26,9,11,13,18,17,10
5,69,12,2,26,9,11,13,18,17,10
5,69,12,2,26,9,11,13,18,17,10
5,70,12,2,26,9,11,13,18,17,10
5,70,12,2,26,9,11,13,18,17,10
5,70,12,2,26,9,11,13,18,17,10
5,70,12,2,26,9,11,13,18,17,10
5,70,12,2,26,9,11,13,18,17,10
5,69,12,2,26,9,11,13,18,17,10,16,8,14
5,69,12,2,26,9,11,13,18,17,10,16,8,14
5,69,12,2,26,9,11,13,18,17,10,16,8,14
5,143,12,2,26,9,11,13,18,17,10,16,8,14
5,69,12,2,26,9,11,13,18,17,10,16,8,14
5,69,12,2,26,9,11,13,18,17,10,16,8,14
5,69,12,2,26,9,11,13,18,17,10,16,8,14
5,69,12,2,26,9,11,13,18,17,10,16,8,14
5,69,12,2,26,9,11,13,18,17,10,16,8,14
5,69,12,2,26,9,11,13,18,17,10,16,8,14
5,69,12,2,26,9,11,13,18,17,10,16,8,14
5,138,12,2,26,9,11,13,18,17,10,16,8,14
5,69,12,2,26,9,11,13,18,17,10,16,8,14
5,69,12,2,26,9,11,13,18,17,10,16,8,14
5,69,12,2,26,9,11,13,18,17,10,16,8,14
5,138,12,2,26,9,11,13,18,17,10,16,8,14
5,138,12,2,26,9,11,13,18,17,10,16,8,14
5,143,12,2,26,9,11,13,18,17,10,16,8,14
5,143,12,2,26,9,11,13,18,17,10,16,8,14
5,69,12,2,26,9,11,13,18,17,10,16,8,14
5,69,12,2,26,9,11,13,18,17,10,16,8,14
5,143,12,2,26,9,11,13,18,17,10,16,8,14
5,143,12,2,26,9,11,13,18,17,10,16,8,14
5,69,12,2,26,9,11,13,18,17,10,16,8,14
5,69,12,2,26,9,11,13,18,17,10,16,8,14
5,143,12,2,26,9,11,13,18,17,10,16,8,14
5,69,12,2,26,9,11,13,18,17,10,16,8,14
5,69,12,2,26,9,11,13,18,17,10,16,8,14
5,143,12,2,26,9,11,13,18,17,10,16,8,14
5,143,12,2,26,9,11,13,18,17,10,16,8,14
5,69,12,2,26,9,11,13,18,17,10,16,8,14
5,138,12,2,26,9,11,13,18,17,10,16,8,14
5,138,12,2,26,9,11,13,18,17,10,16,8,14
5,138,12,2,26,9,11,13,18,17,10,16,8,14
5,138,12,2,26,9,11,13,18,17,10,16,8,14
5,138,12,2,26,9,11,13,18,17,10,16,8,14
5,138,12,2,26,9,11,13,18,17,10,16,8,14
5,138,12,2,26,9,11,13,18,17,10,16,8,14
5,138,12,2,26,9,11,13,18,17,10,16,8,14
5,138,12,2,26,9,11,13,18,17,10,16,8,14
5,138,12,2,26,9,11,13,18,17,10,16,8,14
5,69,12,2,26,9,11,13,18,17,10,16,8,14
5,138,12,2,26,9,11,13,18,17,10,16,8,14
5,138,12,2,26,9,11,13,18,17,10,16,8,14
5,138,12,2,26,9,11,13,18,17,10,16,8,14
5,138,12,2,26,9,11,13,18,17,10,16,8,14
5,138,12,2,26,9,11,13,18,17,10,16,8,14
5,150,12,2,26,9,11,13,18,17,10,16,8,14
5,150,12,2,26,9,11,13,18,17,10,16,8,14
5,150,12,2,26,9,11,13,18,17,10,16,8,14
5,150,12,2,26,9,11,13,18,17,10,16,8,14
5,150,12,2,26,9,11,13,18,17,10,16,8,14
5,69,12,2,26,9,11,13,18,17,10,16,8,14
5,69,12,2,26,9,11,13,18,17,10,16,8,14
5,69,12,2,26,9,11,13,18,17,10,16,8,14
5,70,12,2,26,9,11,13,18,17,10,16,8,14
5,70,12,2,26,9,11,13,18,17,10,16,8,14
5,69,12,2,26,9,11,13,18,17,10,16,8,14
5,70,12,2,26,9,11,13,18,17,10,16,8,14
5,69,12,2,26,9,11,13,18,17,10,16,8,14
5,69,12,2,26,9,11,13,18,17,10,16,8,14
5,69,12,2,26,9,11,13,18,17,10,16,8,14
5,69,12,2,26,9,11,13,18,17,10,16,8,14
5,69,12,2,26,9,11,13,18,17,10,16,8,14
5,69,12,2,26,9,11,13,18,17,10,16,8,14
5,69,12,2,26,9,11,13,18,17,10,16,8,14
5,69,12,2,26,9,11,13,18,17,10,16,8,14
5,69,12,2,26,9,11,13,18,17,10,16,8,14
5,69,12,2,26,9,11,13,18,17,10,16,8,14
5,69,12,2,26,9,11,13,18,17,10,16,8,14
5,69,12,2,26,9,11,13,18,17,10,16,8,14
5,69,12,2,26,9,11,13,18,17,10,16,8,14
5,69,12,2,26,9,11,13,18,17,10,16,8,14
5,69,12,2,26,9,11,13,18,17,10,16,8,14
5,69,12,2,26,9,11,13,18,17,10,16,8,14
5,69,12,2,26,9,11,13,18,17,10,16,8,14
5,138,12,2,26,9,11,13,18,17,10,16,8,14
5,69,12,2,26,9,11,13,18,17,10,16,8,14
5,149,12,2,26,9,11,13,18,17,10,16,8,14,22
5,149,12,2,26,9,11,13,18,17,10,16,8,14,22
5,149,12,2,26,9,11,13,18,17,10,16,8,14,22
5,149,12,2,26,9,11,13,18,17,10,16,8,14,22
5,149,12,2,26,9,11,13,18,17,10,16,8,14,22
5,149,12,2,26,9,11,13,18,17,10,16,8,14,22
5,149,12,2,26,9,11,13,18,17,10,16,8,14,22
5,149,12,2,26,9,11,13,18,17,10,16,8,14,22
5,149,12,2,26,9,11,13,18,17,10,16,8,14,22
5,149,12,2,26,9,11,13,18,17,10,16,8,14,22
5,69,12,2,26,9,11,13,18,17,10,16,8,14,22
5,143,12,2,26,9,11,13,18,17,10,16,8,14,22
5,70,12,2,26,9,11,13,18,17,10,16,8,14,22
5,69,12,2,26,9,11,13,18,17,10,16,8,14,22
5,149,12,2,26,9,11,13,18,17,10,16,8,14,22
5,149,12,2,26,9,11,13,18,17,10,16,8,14,22
5,149,12,2,26,9,11,13,18,17,10,16,8,14,22
5,149,12,2,26,9,11,13,18,17,10,16,8,14,22
5,149,12,2,26,9,11,13,18,17,10,16,8,14,22
5,149,12,2,26,9,11,13,18,17,10,16,8,14,22
5,149,12,2,26,9,11,13,18,17,10,16,8,14,22
5,149,12,2,26,9,11,13,18,17,10,16,8,14,22
5,149,12,2,26,9,11,13,18,17,10,16,8,14,22
5,149,12,2,26,9,11,13,18,17,10,16,8,14,22
5,149,12,2,26,9,11,13,18,17,10,16,8,14,22
5,149,12,2,26,9,11,13,18,17,10,16,8,14,22
5,149,12,2,26,9,11,13,18,17,10,16,8,14,22
5,149,12,2,26,9,11,13,18,17,10,16,8,14,22
5,149,12,2,26,9,11,13,18,17,10,16,8,14,22
5,149,12,2,26,9,11,13,18,17,10,16,8,14,22
5,149,12,2,26,9,11,13,18,17,10,16,8,14,22
5,149,12,2,26,9,11,13,18,17,10,16,8,14,22
5,149,12,2,26,9,11,13,18,17,10,16,8,14,22
5,149,12,2,26,9,11,13,18,17,10,16,8,14,22
5,149,12,2,26,9,11,13,18,17,10,16,8,14,22
5,149,12,2,26,9,11,13,18,17,10,16,8,14,22
5,149,12,2,26,9,11,13,18,17,10,16,8,14,22
5,149,12,2,26,9,11,13,18,17,10,16,8,14,22
5,149,12,2,26,9,11,13,18,17,10,16,8,14,22
5,69,12,2,26,9,11,13,18,17,10,16,8,22
5,135,12,2,26,9,11,13,18,17,10,16,8,22
5,153,12,2,26,9,11,13,18,17,10,16,8,22
5,153,12,2,26,9,11,13,18,17,10,16,8,22
5,153,12,2,26,9,11,13,18,17,10,16,8,22
5,153,12,2,26,9,11,13,18,17,10,16,8,22
5,153,12,2,26,9,11,13,18,17,10,16,8,22
5,153,12,2,26,9,11,13,18,17,10,16,8,22
5,153,12,2,26,9,11,13,18,17,10,16,8,22
5,153,12,2,26,9,11,13,18,17,10,16,8,22
5,153,12,2,26,9,11,13,18,17,10,16,8,22
5,153,12,2,26,9,11,13,18,17,10,16,8,22
5,69,12,2,26,9,11,13,18,17,10,16,8,22
5,135,12,2,26,9,11,13,18,17,10,16,8,22
5,69,12,2,26,9,11,13,18,17,10,16,8,22
5,133,12,2,26,9,11,13,18,17,10,16,8,22
5,133,12,2,26,9,11,13,18,17,10,16,8,22
5,133,12,2,26,9,11,13,18,17,10,16,8,22
5,133,12,2,26,9,11,13,18,17,10,16,8,22
5,133,12,2,26,9,11,13,18,17,10,16,8,22
5,133,12,2,26,9,11,13,18,17,10,16,8,22
5,133,12,2,26,9,11,13,18,17,10,16,8,22
5,133,12,2,26,9,11,13,18,17,10,16,8,22
5,133,12,2,26,9,11,13,18,17,10,16,8,22
5,133,12,2,26,9,11,13,18,17,10,16,8,22
5,133,12,2,26,9,11,13,18,17,10,16,8,22
5,133,12,2,26,9,11,13,18,17,10,16,8,22
5,69,12,2,26,9,11,13,18,17,10,16,8,22
5,133,12,2,26,9,11,13,18,17,10,16,8,22
5,133,12,2,26,9,11,13,18,17,10,16,8,22
5,133,12,2,26,9,11,13,18,17,10,16,8,22
5,133,12,2,26,9,11,13,18,17,10,16,8,22
5,140,12,2,26,9,11,13,18,17,10,16,8,22
5,140,12,2,26,9,11,13,18,17,10,16,8,22
5,140,12,2,26,9,11,13,18,17,10,16,8,22
5,140,12,2,26,9,11,13,18,17,10,16,8,22
5,133,12,2,26,9,11,13,18,17,10,16,8,22
5,133,12,2,26,9,11,13,18,17,10,16,8,22
5,140,12,2,26,9,11,13,18,17,10,16,8,22
5,133,12,2,26,9,11,13,18,17,10,16,8,22
5,133,12,2,26,9,11,13,18,17,10,16,8,22
5,140,12,2,26,9,11,13,18,17,10,16,8,22
5,133,12,2,26,9,11,13,18,17,10,16,8,22
5,140,12,2,26,9,11,13,18,17,10,16,8,22
5,133,12,2,26,9,11,13,18,17,10,16,8,22
5,140,12,2,26,9,11,13,18,17,10,16,8,22
5,133,12,2,26,9,11,13,18,17,10,16,8,22
5,140,12,2,26,9,11,13,18,17,10,16,8,22
5,153,12,2,26,9,11,13,18,17,10,16,8,22
5,153,12,2,26,9,11,13,18,17,10,16,8,22
5,69,12,2,26,9,11,13,18,17,10,16,8,22
5,135,12,2,26,9,11,13,18,17,10,16,8,22
5,70,12,2,26,9,11,13,18,17,10,16,8,22
5,69,12,2,26,9,11,13,18,17,10,16,8,22
5,70,12,2,26,9,11,13,18,17,10,16,8,22
5,69,12,2,26,9,11,13,18,17,10,16,8,22
5,144,12,2,26,9,11,13,18,17,10,16,8,22
5,144,12,2,26,9,11,13,18,17,10,16,8,22
5,144,12,2,26,9,11,13,18,17,10,16,8,22
5,144,12,2,26,9,11,13,18,17,10,16,8,22
5,144,12,2,26,9,11,13,18,17,10,16,8,22
5,144,12,2,26,9,11,13,18,17,10,16,8,22
5,144,12,2,26,9,11,13,18,17,10,16,8,22
5,144,12,2,26,9,11,13,18,17,10,16,8,22
5,69,12,2,26,9,11,13,18,17,10,16,8,22
5,135,12,2,26,9,11,13,18,17,10,16,8,22
5,143,12,2,26,9,11,13,18,17,10,16,8,22
5,69,12,2,26,9,11,13,18,17,10,16,8,22
5,135,12,2,26,9,11,13,18,17,10,16,8,22
5,69,12,2,26,9,11,13,18,17,10,16,8,22
5,145,12,2,26,9,11,13,18,17,10,16,8,22
5,135,12,2,26,9,11,13,18,17,10,16,8,22
5,69,12,2,26,9,11,13,18,17,10,16,8,22
5,145,12,2,26,9,11,13,18,17,10,16,8,22
5,69,12,2,26,9,11,13,18,17,10,16,8,22
5,135,12,2,26,9,11,13,18,17,10,16,8,22
5,135,12,2,26,9,11,13,18,17,10,16,8,22
5,70,12,2,26,9,11,13,18,17,10,16,8,22
5,69,12,2,26,9,11,13,18,17,10,16,8,22
5,143,12,2,26,9,11,13,18,17,10,16,8,22
5,145,12,2,26,9,11,13,18,17,10,16,8,22
5,135,12,2,26,9,11,13,18,17,10,16,8,22
5,140,12,2,26,9,11,13,18,17,10,16,8,22
5,144,12,2,26,9,11,13,18,17,10,16,8,22
5,135,12,2,26,9,11,13,18,17,10,16,8,22
5,69,12,2,26,9,11,13,18,17,10,16,8,22
5,70,12,2,26,9,11,13,18,17,10,16,8,22
5,70,12,2,26,9,11,13,18,17,10,16,8,22
5,69,12,2,26,9,11,13,18,17,10,16,8,22
5,135,12,2,26,9,11,13,18,17,10,16,8,22
5,143,12,2,26,9,11,13,18,17,10,16,8,22
5,133,12,2,26,9,11,13,18,17,10,16,8,22
5,133,12,2,26,9,11,13,18,17,10,16,8,22
5,133,12,2,26,9,11,13,18,17,10,16,8,22
5,133,12,2,26,9,11,13,18,17,10,16,8,22
5,133,12,2,26,9,11,13,18,17,10,16,8,22
5,133,12,2,26,9,11,13,18,17,10,16,8,22
5,133,12,2,26,9,11,13,18,17,10,16,8,22
5,133,12,2,26,9,11,13,18,17,10,16,8,22
5,133,12,2,26,9,11,13,18,17,10,16,8,22
5,133,12,2,26,9,11,13,18,17,10,16,8,22
5,133,12,2,26,9,11,13,18,17,10,16,8,22
5,133,12,2,26,9,11,13,18,17,10,16,8,22
5,69,12,2,26,9,11,13,18,17,10,16,8,22
5,69,12,2,26,9,11,13,18,17,10,16,8,22
5,70,12,2,26,9,11,13,18,17,10,16,8,22
5,133,12,2,26,9,11,13,18,17,10,16,8,22
5,133,12,2,26,9,11,13,18,17,10,16,8,22
5,133,12,2,26,9,11,13,18,17,10,16,8,22
5,133,12,2,26,9,11,13,18,17,10,16,8,22
5,133,12,2,26,9,11,13,18,17,10,16,8,22
5,133,12,2,26,9,11,13,18,17,10,16,8,22
5,133,12,2,26,9,11,13,18,17,10,16,8,22
5,133,12,2,26,9,11,13,18,17,10,16,8,22
5,133,12,2,26,9,11,13,18,17,10,16,8,22
5,133,12,2,26,9,11,13,18,17,10,16,8,22
5,133,12,2,26,9,11,13,18,17,10,16,8,22
5,135,12,2,26,9,11,13,18,17,10,16,8,22
5,143,12,2,26,9,11,13,18,17,10,16,8,22
5,69,12,2,26,9,11,13,18,17,10,16,8,22
5,70,12,2,26,9,11,13,18,17,10,16,8,22
5,70,12,2,26,9,11,13,18,17,10,16,8,22
5,69,12,2,26,9,11,13,18,17,10,16,8,22
5,69,12,2,26,9,11,13,18,17,10,16,8,22
5,70,12,2,26,9,11,13,18,17,10,16,8,22
5,135,12,2,26,9,11,13,18,17,10,16,8,22
5,143,12,2,26,9,11,13,18,17,10,16,8,22
5,135,12,2,26,9,11,13,18,17,10,16,8,22
5,140,12,2,26,9,11,13,18,17,10,16,8,22
5,140,12,2,26,9,11,13,18,17,10,16,8,22
5,140,12,2,26,9,11,13,18,17,10,16,8,22
5,140,12,2,26,9,11,13,18,17,10,16,8,22
5,140,12,2,26,9,11,13,18,17,10,16,8,22
5,140,12,2,26,9,11,13,18,17,10,16,8,22
5,140,12,2,26,9,11,13,18,17,10,16,8,22
5,140,12,2,26,9,11,13,18,17,10,16,8,22
5,140,12,2,26,9,11,13,18,17,10,16,8,22
5,140,12,2,26,9,11,13,18,17,10,16,8,22
5,140,12,2,26,9,11,13,18,17,10,16,8,22
5,140,12,2,26,9,11,13,18,17,10,16,8,22
5,140,12,2,26,9,11,13,18,17,10,16,8,22
5,140,12,2,26,9,11,13,18,17,10,16,8,22
5,140,12,2,26,9,11,13,18,17,10,16,8,22
5,140,12,2,26,9,11,13,18,17,10,16,8,22
5,69,12,2,26,9,11,13,18,17,10,16,8,22
5,135,12,2,26,9,11,13,18,17,10,16,8,22
5,133,12,2,26,9,11,13,18,17,10,16,8,22
5,69,12,2,26,9,11,13,18,17,10,16,8,22
5,69,12,2,26,9,11,13,18,17,10,16,8,22
5,69,12,2,26,9,11,13,18,17,10,16,8,22
5,69,12,2,26,9,11,13,18,17,10,16,8,22
5,69,12,2,26,9,11,13,18,17,10,16,8,22
5,69,12,2,26,9,11,13,18,17,10,16,8,22
5,69,12,2,26,9,11,13,18,17,10,16,8,22
5,69,12,2,26,9,11,13,18,17,10,16,8,22
5,69,12,2,26,9,11,13,18,17,10,16,8,22
5,151,12,2,26,11,13,18,17,10,16,8,24
5,151,12,2,26,11,13,18,17,10,16,8,24
5,151,12,2,26,11,13,18,17,10,16,8,24
5,151,12,2,26,11,13,18,17,10,16,8,24
5,151,12,2,26,11,13,18,17,10,16,8,24
5,151,12,2,26,11,13,18,17,10,16,8,24
5,151,12,2,26,11,13,18,17,10,16,8,24
5,151,12,2,26,11,13,18,17,10,16,8,24
5,151,12,2,26,11,13,18,17,10,16,8,24
5,151,12,2,26,11,13,18,17,10,16,8,24
5,151,12,2,26,11,13,18,17,10,16,8,24
5,151,12,2,26,11,13,18,17,10,16,8,24
5,151,12,2,26,11,13,18,17,10,16,8,24
5,151,12,2,26,11,13,18,17,10,16,8,24
5,151,12,2,26,11,13,18,17,10,16,8,24
5,151,12,2,26,11,13,18,17,10,16,8,24
5,151,12,2,26,11,13,18,17,10,16,8,24
5,151,12,2,26,11,13,18,17,10,16,8,24
5,151,12,2,26,11,13,18,17,10,16,8,24
5,151,12,2,26,11,13,18,17,10,16,8,24
5,147,12,2,26,11,13,18,17,10,16,8,24,20,25
5,147,12,2,26,11,13,18,17,10,16,8,24,20,25
5,147,12,2,26,11,13,18,17,10,16,8,24,20,25
5,147,12,2,26,11,13,18,17,10,16,8,24,20,25
5,147,12,2,26,11,13,18,17,10,16,8,24,20,25
5,235,12,2,26,11,13,18,17,10,16,8,24,20,25
5,235,12,2,26,11,13,18,17,10,16,8,24,20,25
5,235,12,2,26,11,13,18,17,10,16,8,24,20,25
5,235,12,2,26,11,13,18,17,10,16,8,24,20,25
5,235,12,2,26,11,13,18,17,10,16,8,24,20,25
5,235,12,2,26,11,13,18,17,10,16,8,24,20,25
5,235,12,2,26,11,13,18,17,10,16,8,24,20,25
5,235,12,2,26,11,13,18,17,10,16,8,24,20,25
5,235,12,2,26,11,13,18,17,10,16,8,24,20,25
5,235,12,2,26,11,13,18,17,10,16,8,24,20,25
5,235,12,2,26,11,13,18,17,10,16,8,24,20,25
5,235,12,2,26,11,13,18,17,10,16,8,24,20,25
5,235,12,2,26,11,13,18,17,10,16,8,24,20,25
5,235,12,2,26,11,13,18,17,10,16,8,24,20,25
5,235,12,2,26,11,13,18,17,10,16,8,24,20,25
5,235,12,2,26,11,13,18,17,10,16,8,24,20,25
5,235,12,2,26,11,13,18,17,10,16,8,24,20,25
5,235,12,2,26,11,13,18,17,10,16,8,24,20,25
5,235,12,2,26,11,13,18,17,10,16,8,24,20,25
5,235,12,2,26,11,13,18,17,10,16,8,24,20,25
5,235,12,2,26,11,13,18,17,10,16,8,24,20,25
5,235,12,2,26,11,13,18,17,10,16,8,24,20,25
5,235,12,2,26,11,13,18,17,10,16,8,24,20,25
5,235,12,2,26,11,13,18,17,10,16,8,24,20,25
5,235,12,2,26,11,13,18,17,10,16,8,24,20,25
5,235,12,2,26,11,13,18,17,10,16,8,24,20,25
5,151,12,2,26,11,13,18,17,10,16,8,24,20,25
5,151,12,2,26,11,13,18,17,10,16,8,24,20,25
5,151,12,2,26,11,13,18,17,10,16,8,24,20,25
5,151,12,2,26,11,13,18,17,10,16,8,24,20,25
5,151,12,2,26,11,13,18,17,10,16,8,24,20,25
5,151,12,2,26,11,13,18,17,10,16,8,24,20,25
5,151,12,2,26,11,13,18,17,10,16,8,24,20,25
5,151,12,2,26,11,13,18,17,10,16,8,24,20,25
5,151,12,2,26,11,13,18,17,10,16,8,24,20,25
5,151,12,2,26,11,13,18,17,10,16,8,24,20,25
5,151,12,2,26,11,13,18,17,10,16,8,24,20,25
5,151,12,2,26,11,13,18,17,10,16,8,24,20,25
5,151,12,2,26,11,13,18,17,10,16,8,24,20,25
5,151,12,2,26,11,13,18,17,10,16,8,24,20,25
5,151,12,2,26,11,13,18,17,10,16,8,24,20,25
5,151,12,2,26,11,13,18,17,10,16,8,24,20,25
